0 0.540625 0.590625 0.1015625 0.0734375
0 0.6359375 0.6203125 0.0921875 0.078125
0 0.7390625 0.6046875 0.0734375 0.1
0 0.9296875 0.346875 0.125 0.1875
0 0.771875 0.3125 0.059375 0.075
0 0.715625 0.31875 0.0578125 0.0796875
0 0.6640625 0.321875 0.059375 0.09375
0 0.6109375 0.3203125 0.05625 0.084375
0 0.55625 0.3234375 0.0578125 0.084375
0 0.571875 0.4484375 0.078125 0.05
0 0.66875 0.4359375 0.0578125 0.071875
0 0.721875 0.434375 0.053125 0.0671875
0 0.7875 0.4359375 0.0546875 0.08125
0 0.2796875 0.2828125 0.05625 0.078125
0 0.390625 0.3328125 0.05625 0.065625
0 0.2875 0.4484375 0.0890625 0.0546875
0 0.215625 0.4421875 0.0515625 0.0640625
0 0.159375 0.4453125 0.059375 0.059375
0 0.165625 0.375 0.053125 0.065625
0 0.2328125 0.378125 0.0484375 0.0703125
0 0.278125 0.58125 0.071875 0.0796875
0 0.384375 0.559375 0.0671875 0.075
0 0.1625 0.5921875 0.0578125 0.0875
0 0.103125 0.58125 0.0625 0.078125
0 0.8265625 0.7015625 0.040625 0.096875
0 0.684375 0.7296875 0.0921875 0.0625
0 0.5625 0.7328125 0.0953125 0.053125
0 0.325 0.7203125 0.084375 0.0640625
0 0.240625 0.7234375 0.0875 0.065625
0 0.1578125 0.7265625 0.0765625 0.0609375
0 0.0734375 0.728125 0.078125 0.05625
0 0.0171875 0.6453125 0.0328125 0.0890625