0 0.1828125 0.3 0.1109375 0.1453125
0 0.29375 0.3 0.1046875 0.14375
0 0.403125 0.303125 0.1 0.146875
0 0.5125 0.3015625 0.103125 0.1390625
0 0.6203125 0.303125 0.096875 0.140625
0 0.7234375 0.30625 0.10625 0.14375
0 0.8296875 0.3078125 0.10625 0.14375
0 0.8609375 0.4515625 0.1109375 0.15
0 0.7703125 0.4484375 0.0875 0.14375
0 0.696875 0.45 0.08125 0.134375
0 0.615625 0.446875 0.0859375 0.1421875
0 0.5421875 0.4484375 0.075 0.1390625
0 0.4765625 0.4484375 0.0765625 0.1453125
0 0.134375 0.4484375 0.075 0.1453125
0 0.2109375 0.45625 0.06875 0.1515625
0 0.2796875 0.4546875 0.06875 0.1515625
0 0.35 0.4484375 0.0734375 0.146875
0 0.4125 0.4515625 0.0609375 0.15
0 0.5171875 0.6828125 0.115625 0.1578125
0 0.9140625 0.6796875 0.121875 0.140625
0 0.7734375 0.61875 0.0609375 0.146875
0 0.3625 0.65 0.115625 0.1625
0 0.5484375 0.6171875 0.1078125 0.1546875