0 0.1296875 0.375 0.1234375 0.1484375
0 0.5296875 0.38125 0.1109375 0.15
0 0.753125 0.690625 0.1109375 0.1546875
0 0.7625 0.5328125 0.109375 0.15
0 0.765625 0.378125 0.1109375 0.159375
0 0.6453125 0.3765625 0.115625 0.1546875
0 0.6453125 0.5359375 0.1015625 0.140625
0 0.528125 0.5375 0.1171875 0.1515625
0 0.6375 0.6859375 0.1046875 0.140625
0 0.5265625 0.6859375 0.109375 0.14375
0 0.3734375 0.6703125 0.109375 0.13125
0 0.3640625 0.5234375 0.1109375 0.1453125
0 0.3625 0.36875 0.121875 0.1453125
0 0.2453125 0.3703125 0.10625 0.1578125
0 0.2546875 0.525 0.1140625 0.15
0 0.1421875 0.525 0.125 0.146875
0 0.15 0.6703125 0.11875 0.1484375
0 0.259375 0.671875 0.1109375 0.15