0 0.115625 0.3015625 0.053125 0.075
0 0.1140625 0.375 0.0671875 0.0515625
0 0.2140625 0.290625 0.06875 0.0515625
0 0.2984375 0.2953125 0.0703125 0.053125
0 0.4109375 0.2828125 0.0671875 0.0484375
0 0.253125 0.425 0.0546875 0.071875
0 0.165625 0.4484375 0.0734375 0.0484375
0 0.609375 0.2859375 0.0625 0.078125
0 0.7234375 0.3 0.0546875 0.075
0 0.8296875 0.303125 0.0515625 0.0734375
0 0.7765625 0.3015625 0.0515625 0.0765625
0 0.7109375 0.459375 0.053125 0.0625
0 0.8328125 0.4609375 0.0625 0.0453125
0 0.20625 0.5984375 0.05625 0.06875
0 0.2046875 0.68125 0.05625 0.071875
0 0.1171875 0.6671875 0.0546875 0.0703125
0 0.290625 0.7609375 0.078125 0.0546875
0 0.1390625 0.7671875 0.0765625 0.05
0 0.58125 0.6828125 0.046875 0.0796875
0 0.6453125 0.684375 0.053125 0.078125
0 0.7015625 0.6859375 0.0515625 0.071875
0 0.8109375 0.6953125 0.078125 0.0578125
0 0.8859375 0.690625 0.0796875 0.059375
0 0.88125 0.5859375 0.0546875 0.0734375