0 0.1015625 0.303125 0.0484375 0.0625
0 0.1625 0.309375 0.059375 0.0421875
0 0.225 0.3125 0.059375 0.05625
0 0.259375 0.3828125 0.0515625 0.06875
0 0.4125 0.375 0.06875 0.040625
0 0.3484375 0.3125 0.059375 0.053125
0 0.2875 0.3125 0.0625 0.04375
0 0.4953125 0.5515625 0.0703125 0.0765625
0 0.6140625 0.5546875 0.071875 0.0765625
0 0.70625 0.5484375 0.05 0.06875
0 0.7609375 0.5453125 0.0578125 0.071875
0 0.6921875 0.6609375 0.0734375 0.0515625
0 0.5828125 0.68125 0.059375 0.06875
0 0.503125 0.6875 0.0484375 0.034375
0 0.8625 0.7078125 0.0453125 0.065625
0 0.69375 0.459375 0.0953125 0.065625
0 0.8546875 0.415625 0.0578125 0.0796875
0 0.621875 0.346875 0.06875 0.08125
0 0.490625 0.38125 0.05625 0.0578125
0 0.54375 0.44375 0.0859375 0.0578125