0 0.109375 0.3359375 0.04375 0.0640625
0 0.2140625 0.334375 0.0484375 0.059375
0 0.265625 0.3359375 0.0453125 0.059375
0 0.340625 0.39375 0.05 0.0625
0 0.215625 0.3984375 0.0625 0.0421875
0 0.11875 0.46875 0.0421875 0.0484375
0 0.2046875 0.459375 0.046875 0.0625
0 0.2546875 0.453125 0.0390625 0.0546875
0 0.2984375 0.4484375 0.0390625 0.059375
0 0.353125 0.4640625 0.059375 0.046875
0 0.075 0.59375 0.05625 0.0703125
0 0.184375 0.609375 0.053125 0.065625
0 0.2390625 0.60625 0.0515625 0.0640625
0 0.296875 0.6078125 0.0484375 0.06875
0 0.265625 0.6953125 0.0703125 0.0515625
0 0.1640625 0.6984375 0.065625 0.059375
0 0.51875 0.6828125 0.046875 0.0703125
0 0.6171875 0.696875 0.0796875 0.046875
0 0.709375 0.70625 0.0703125 0.053125
0 0.7875 0.703125 0.071875 0.053125
0 0.8171875 0.5484375 0.0515625 0.0703125
0 0.75625 0.55 0.0484375 0.0703125
0 0.7046875 0.5484375 0.05 0.0703125
0 0.63125 0.546875 0.0765625 0.053125
0 0.70625 0.6703125 0.0671875 0.0265625
0 0.6375 0.6578125 0.078125 0.021875
0 0.809375 0.6515625 0.0734375 0.03125
0 0.8015625 0.45625 0.0515625 0.075
0 0.70625 0.4609375 0.0703125 0.0515625
0 0.946875 0.3515625 0.0890625 0.11875
0 0.7734375 0.3125 0.071875 0.05625
0 0.6921875 0.303125 0.078125 0.05625
0 0.690625 0.3796875 0.0765625 0.05625
0 0.621875 0.38125 0.0546875 0.0734375
0 0.621875 0.45625 0.08125 0.05
0 0.528125 0.46875 0.0609375 0.071875
0 0.5078125 0.3140625 0.059375 0.075