0 0.5703125 0.3515625 0.0484375 0.075
0 0.6625 0.3890625 0.0609375 0.078125
0 0.6046875 0.653125 0.0515625 0.071875
0 0.778125 0.640625 0.0578125 0.075
0 0.659375 0.6484375 0.0625 0.0578125
0 0.71875 0.646875 0.0578125 0.0578125
0 0.6046875 0.7421875 0.075 0.0484375
0 0.684375 0.734375 0.0703125 0.0609375
0 0.7625 0.7421875 0.0734375 0.065625
0 0.8359375 0.7375 0.08125 0.0640625
0 0.3625 0.69375 0.0703125 0.0890625
0 0.28125 0.7421875 0.071875 0.0546875
0 0.215625 0.740625 0.075 0.0640625
0 0.1515625 0.7390625 0.05 0.06875
0 0.0828125 0.74375 0.059375 0.0453125
0 0.11875 0.640625 0.08125 0.0609375
0 0.1875 0.653125 0.046875 0.075
0 0.234375 0.659375 0.0453125 0.0703125
0 0.284375 0.6578125 0.0515625 0.08125
0 0.2625 0.559375 0.090625 0.0609375
0 0.18125 0.5625 0.0671875 0.0875
0 0.703125 0.2796875 0.0578125 0.0734375
0 0.753125 0.2796875 0.053125 0.06875
0 0.7953125 0.4140625 0.0640625 0.08125
0 0.7296875 0.4125 0.05 0.0703125
0 0.26875 0.3375 0.0609375 0.0734375
0 0.190625 0.3453125 0.090625 0.059375
0 0.0734375 0.2875 0.0671875 0.071875
0 0.09375 0.4375 0.0828125 0.0625
0 0.1796875 0.446875 0.0765625 0.0671875
0 0.2625 0.44375 0.0921875 0.075
0 0.40625 0.353125 0.0546875 0.078125