0 0.3078125 0.2890625 0.08125 0.109375
0 0.196875 0.290625 0.09375 0.1078125
0 0.1125 0.3921875 0.0828125 0.1125
0 0.140625 0.675 0.059375 0.0421875
0 0.2125 0.6875 0.0578125 0.05
0 0.33125 0.596875 0.040625 0.0625
0 0.2328125 0.6 0.053125 0.059375
0 0.1796875 0.6046875 0.0515625 0.0609375
0 0.24375 0.5421875 0.0609375 0.046875
0 0.1203125 0.55 0.0640625 0.0515625
0 0.4796875 0.5953125 0.0484375 0.0625
0 0.5359375 0.5953125 0.0515625 0.0625
0 0.7296875 0.6015625 0.05 0.0640625
0 0.75625 0.678125 0.0453125 0.0671875
0 0.6875 0.36875 0.0390625 0.0484375
0 0.6875 0.3140625 0.040625 0.053125
0 0.64375 0.3015625 0.0390625 0.05
0 0.6 0.3078125 0.034375 0.0484375
0 0.5671875 0.30625 0.0359375 0.05
0 0.51875 0.3515625 0.05625 0.0390625
0 0.546875 0.40625 0.0515625 0.040625
0 0.490625 0.6640625 0.065625 0.05
0 0.54375 0.684375 0.0421875 0.0453125
0 0.6171875 0.6125 0.065625 0.053125
0 0.571875 0.5140625 0.0609375 0.0484375
0 0.4796875 0.5125 0.0609375 0.0515625
0 0.678125 0.5046875 0.0640625 0.046875
0 0.2875 0.6609375 0.0609375 0.0515625
0 0.18125 0.54375 0.0546875 0.0453125